1
1
1000
16866
987 990 0.06469000
990 987 0.06469000
984 986 0.03770000
986 984 0.03770000
983 988 0.06158000
988 983 0.06158000
981 997 0.05808000
997 981 0.05808000
979 993 0.05028000
993 979 0.05028000
977 992 0.05575000
992 977 0.05575000
975 978 0.02590000
978 975 0.02590000
974 998 0.06373000
998 974 0.06373000
973 984 0.06512000
984 973 0.06512000
973 986 0.07181000
986 973 0.07181000
973 995 0.06798000
995 973 0.06798000
971 985 0.04048000
985 971 0.04048000
969 970 0.06807000
970 969 0.06807000
966 968 0.06213000
968 966 0.06213000
966 995 0.04364000
995 966 0.04364000
963 968 0.06970000
968 963 0.06970000
961 967 0.07440000
967 961 0.07440000
961 991 0.03901000
991 961 0.03901000
956 999 0.06462000
999 956 0.06462000
952 994 0.02873000
994 952 0.02873000
948 987 0.01489000
987 948 0.01489000
947 959 0.07469000
959 947 0.07469000
947 974 0.06580000
974 947 0.06580000
947 998 0.03188000
998 947 0.03188000
946 990 0.01906000
990 946 0.01906000
944 947 0.03825000
947 944 0.03825000
944 974 0.02764000
974 944 0.02764000
944 998 0.04288000
998 944 0.04288000
943 945 0.02586000
945 943 0.02586000
942 979 0.01027000
979 942 0.01027000
942 993 0.04583000
993 942 0.04583000
938 961 0.07417000
961 938 0.07417000
938 991 0.03525000
991 938 0.03525000
936 965 0.04994000
965 936 0.04994000
935 943 0.01266000
943 935 0.01266000
935 945 0.03619000
945 935 0.03619000
933 944 0.02367000
944 933 0.02367000
933 947 0.02216000
947 933 0.02216000
933 974 0.04848000
974 933 0.04848000
933 998 0.02065000
998 933 0.02065000
932 934 0.02981000
934 932 0.02981000
931 945 0.07309000
945 931 0.07309000
931 958 0.06016000
958 931 0.06016000
930 996 0.06125000
996 930 0.06125000
929 949 0.06134000
949 929 0.06134000
929 982 0.03239000
982 929 0.03239000
928 988 0.06494000
988 928 0.06494000
927 946 0.06891000
946 927 0.06891000
926 994 0.06692000
994 926 0.06692000
925 960 0.01951000
960 925 0.01951000
924 975 0.05714000
975 924 0.05714000
924 978 0.05258000
978 924 0.05258000
923 946 0.04998000
946 923 0.04998000
923 969 0.06000000
969 923 0.06000000
923 987 0.06068000
987 923 0.06068000
923 990 0.03152000
990 923 0.03152000
922 981 0.02690000
981 922 0.02690000
922 997 0.03288000
997 922 0.03288000
921 989 0.02107000
989 921 0.02107000
919 929 0.06636000
929 919 0.06636000
919 949 0.05455000
949 919 0.05455000
919 982 0.06103000
982 919 0.06103000
918 927 0.03727000
927 918 0.03727000
918 952 0.05446000
952 918 0.05446000
918 994 0.03860000
994 918 0.03860000
916 950 0.05051000
950 916 0.05051000
914 928 0.05594000
928 914 0.05594000
914 983 0.05423000
983 914 0.05423000
914 988 0.02410000
988 914 0.02410000
913 933 0.07346000
933 913 0.07346000
913 944 0.05709000
944 913 0.05709000
913 947 0.07063000
947 913 0.07063000
913 974 0.06458000
974 913 0.06458000
912 931 0.03287000
931 912 0.03287000
912 945 0.06818000
945 912 0.06818000
912 958 0.07395000
958 912 0.07395000
912 997 0.05270000
997 912 0.05270000
911 925 0.02444000
925 911 0.02444000
911 960 0.02365000
960 911 0.02365000
910 976 0.01405000
976 910 0.01405000
909 966 0.02532000
966 909 0.02532000
909 968 0.04773000
968 909 0.04773000
909 995 0.04005000
995 909 0.04005000
908 988 0.06062000
988 908 0.06062000
907 934 0.07120000
934 907 0.07120000
907 981 0.05675000
981 907 0.05675000
906 919 0.05184000
919 906 0.05184000
906 929 0.03396000
929 906 0.03396000
906 949 0.02738000
949 906 0.02738000
906 982 0.05651000
982 906 0.05651000
905 939 0.07030000
939 905 0.07030000
904 923 0.06418000
923 904 0.06418000
904 946 0.05884000
946 904 0.05884000
904 948 0.03987000
948 904 0.03987000
904 987 0.03137000
987 904 0.03137000
904 990 0.05213000
990 904 0.05213000
902 928 0.05429000
928 902 0.05429000
901 919 0.05007000
919 901 0.05007000
901 954 0.06697000
954 901 0.06697000
900 940 0.07163000
940 900 0.07163000
899 909 0.03701000
909 899 0.03701000
899 966 0.02545000
966 899 0.02545000
899 984 0.06417000
984 899 0.06417000
899 995 0.02462000
995 899 0.02462000
898 917 0.05110000
917 898 0.05110000
898 964 0.06846000
964 898 0.06846000
897 913 0.03854000
913 897 0.03854000
897 933 0.03840000
933 897 0.03840000
897 944 0.03211000
944 897 0.03211000
897 947 0.03209000
947 897 0.03209000
897 974 0.05477000
974 897 0.05477000
897 998 0.05756000
998 897 0.05756000
896 983 0.05029000
983 896 0.05029000
895 897 0.04983000
897 895 0.04983000
895 913 0.04510000
913 895 0.04510000
895 947 0.07137000
947 895 0.07137000
894 965 0.04964000
965 894 0.04964000
892 977 0.03879000
977 892 0.03879000
891 952 0.06905000
952 891 0.06905000
890 907 0.03488000
907 890 0.03488000
890 959 0.05917000
959 890 0.05917000
889 930 0.05244000
930 889 0.05244000
889 996 0.05049000
996 889 0.05049000
888 890 0.06937000
890 888 0.06937000
888 959 0.02389000
959 888 0.02389000
887 892 0.04066000
892 887 0.04066000
887 898 0.04044000
898 887 0.04044000
887 917 0.05621000
917 887 0.05621000
887 964 0.05971000
964 887 0.05971000
886 894 0.02442000
894 886 0.02442000
886 965 0.06260000
965 886 0.06260000
885 936 0.07391000
936 885 0.07391000
885 937 0.07184000
937 885 0.07184000
884 911 0.04981000
911 884 0.04981000
884 925 0.02827000
925 884 0.02827000
884 960 0.04662000
960 884 0.04662000
883 891 0.07287000
891 883 0.07287000
883 911 0.02857000
911 883 0.02857000
883 925 0.05264000
925 883 0.05264000
883 960 0.04495000
960 883 0.04495000
882 895 0.03114000
895 882 0.03114000
882 897 0.04636000
897 882 0.04636000
882 913 0.01806000
913 882 0.01806000
882 944 0.07128000
944 882 0.07128000
881 923 0.03720000
923 881 0.03720000
881 969 0.02309000
969 881 0.02309000
881 987 0.06648000
987 881 0.06648000
881 990 0.06809000
990 881 0.06809000
879 941 0.04723000
941 879 0.04723000
878 920 0.04201000
920 878 0.04201000
878 922 0.05067000
922 878 0.05067000
878 981 0.04148000
981 878 0.04148000
878 997 0.06394000
997 878 0.06394000
877 882 0.03345000
882 877 0.03345000
877 895 0.01697000
895 877 0.01697000
877 897 0.06480000
897 877 0.06480000
877 913 0.05089000
913 877 0.05089000
876 900 0.06325000
900 876 0.06325000
876 940 0.06158000
940 876 0.06158000
875 956 0.04668000
956 875 0.04668000
875 964 0.04964000
964 875 0.04964000
874 886 0.03409000
886 874 0.03409000
874 894 0.04498000
894 874 0.04498000
874 905 0.05611000
905 874 0.05611000
873 982 0.05854000
982 873 0.05854000
872 970 0.04155000
970 872 0.04155000
871 962 0.07477000
962 871 0.07477000
870 906 0.05748000
906 870 0.05748000
870 929 0.03841000
929 870 0.03841000
870 982 0.06619000
982 870 0.06619000
869 909 0.05309000
909 869 0.05309000
869 921 0.06900000
921 869 0.06900000
869 968 0.07101000
968 869 0.07101000
869 995 0.05908000
995 869 0.05908000
868 940 0.03140000
940 868 0.03140000
867 985 0.06177000
985 867 0.06177000
866 924 0.04869000
924 866 0.04869000
866 975 0.02406000
975 866 0.02406000
866 978 0.00436000
978 866 0.00436000
865 916 0.03303000
916 865 0.03303000
865 950 0.04448000
950 865 0.04448000
864 905 0.07312000
905 864 0.07312000
863 876 0.06491000
876 863 0.06491000
862 967 0.02900000
967 862 0.02900000
861 974 0.07324000
974 861 0.07324000
860 890 0.07415000
890 860 0.07415000
860 907 0.06759000
907 860 0.06759000
860 932 0.03411000
932 860 0.03411000
860 934 0.00536000
934 860 0.00536000
859 871 0.03890000
871 859 0.03890000
859 891 0.06291000
891 859 0.06291000
858 892 0.04445000
892 858 0.04445000
858 977 0.02819000
977 858 0.02819000
858 992 0.05661000
992 858 0.05661000
857 908 0.06021000
908 857 0.06021000
856 875 0.05754000
875 856 0.05754000
856 953 0.06917000
953 856 0.06917000
856 956 0.06463000
956 856 0.06463000
856 964 0.06773000
964 856 0.06773000
855 883 0.07222000
883 855 0.07222000
855 884 0.06073000
884 855 0.06073000
855 911 0.05900000
911 855 0.05900000
855 925 0.06299000
925 855 0.06299000
855 926 0.04750000
926 855 0.04750000
854 889 0.07398000
889 854 0.07398000
854 924 0.07065000
924 854 0.07065000
853 877 0.05421000
877 853 0.05421000
853 895 0.07042000
895 853 0.07042000
853 920 0.04100000
920 853 0.04100000
852 901 0.02406000
901 852 0.02406000
852 919 0.07154000
919 852 0.07154000
852 954 0.05513000
954 852 0.05513000
851 910 0.03506000
910 851 0.03506000
851 921 0.07023000
921 851 0.07023000
851 976 0.04478000
976 851 0.04478000
851 989 0.05090000
989 851 0.05090000
850 852 0.04171000
852 850 0.04171000
850 901 0.04185000
901 850 0.04185000
850 919 0.05604000
919 850 0.05604000
850 949 0.06845000
949 850 0.06845000
850 954 0.03218000
954 850 0.03218000
849 951 0.06972000
951 849 0.06972000
848 893 0.07471000
893 848 0.07471000
846 923 0.06974000
923 846 0.06974000
846 946 0.05840000
946 846 0.05840000
846 990 0.06177000
990 846 0.06177000
845 861 0.06191000
861 845 0.06191000
845 915 0.01930000
915 845 0.01930000
844 866 0.03424000
866 844 0.03424000
844 924 0.04632000
924 844 0.04632000
844 975 0.05768000
975 844 0.05768000
844 978 0.03427000
978 844 0.03427000
843 863 0.04521000
863 843 0.04521000
843 876 0.02672000
876 843 0.02672000
841 930 0.04375000
930 841 0.04375000
841 996 0.04736000
996 841 0.04736000
840 855 0.04726000
855 840 0.04726000
840 883 0.02672000
883 840 0.02672000
840 884 0.07080000
884 840 0.07080000
840 891 0.07247000
891 840 0.07247000
840 911 0.03118000
911 840 0.03118000
840 925 0.05243000
925 840 0.05243000
840 926 0.06027000
926 840 0.06027000
840 960 0.05467000
960 840 0.05467000
839 899 0.06224000
899 839 0.06224000
839 973 0.05214000
973 839 0.05214000
839 984 0.01299000
984 839 0.01299000
839 986 0.03806000
986 839 0.03806000
839 995 0.07140000
995 839 0.07140000
838 880 0.05879000
880 838 0.05879000
838 903 0.05996000
903 838 0.05996000
837 889 0.07130000
889 837 0.07130000
837 961 0.07242000
961 837 0.07242000
837 996 0.04234000
996 837 0.04234000
836 839 0.06119000
839 836 0.06119000
836 984 0.05859000
984 836 0.05859000
836 986 0.02370000
986 836 0.02370000
835 862 0.05968000
862 835 0.05968000
835 967 0.06296000
967 835 0.06296000
833 888 0.02748000
888 833 0.02748000
833 890 0.04744000
890 833 0.04744000
833 907 0.07495000
907 833 0.07495000
833 959 0.01202000
959 833 0.01202000
832 842 0.02813000
842 832 0.02813000
832 975 0.07243000
975 832 0.07243000
831 851 0.06697000
851 831 0.06697000
831 910 0.03604000
910 831 0.03604000
831 976 0.02274000
976 831 0.02274000
830 874 0.02388000
874 830 0.02388000
830 886 0.05615000
886 830 0.05615000
830 894 0.06883000
894 830 0.06883000
830 905 0.04209000
905 830 0.04209000
829 837 0.06878000
837 829 0.06878000
829 841 0.02245000
841 829 0.02245000
829 889 0.07328000
889 829 0.07328000
829 930 0.05822000
930 829 0.05822000
829 996 0.03179000
996 829 0.03179000
828 955 0.03996000
955 828 0.03996000
827 854 0.03016000
854 827 0.03016000
827 889 0.07252000
889 827 0.07252000
825 905 0.04301000
905 825 0.04301000
825 939 0.05150000
939 825 0.05150000
825 953 0.06519000
953 825 0.06519000
824 850 0.05174000
850 824 0.05174000
824 852 0.03845000
852 824 0.03845000
824 901 0.01483000
901 824 0.01483000
824 919 0.04214000
919 824 0.04214000
823 843 0.06075000
843 823 0.06075000
823 863 0.06523000
863 823 0.06523000
823 876 0.04935000
876 823 0.04935000
823 900 0.02344000
900 823 0.02344000
822 879 0.05936000
879 822 0.05936000
822 941 0.01505000
941 822 0.01505000
821 874 0.05360000
874 821 0.05360000
821 886 0.03636000
886 821 0.03636000
821 894 0.01194000
894 821 0.01194000
821 965 0.04684000
965 821 0.04684000
820 912 0.06077000
912 820 0.06077000
820 931 0.02799000
931 820 0.02799000
820 958 0.06404000
958 820 0.06404000
819 881 0.06534000
881 819 0.06534000
819 904 0.03021000
904 819 0.03021000
819 923 0.03646000
923 819 0.03646000
819 946 0.03616000
946 819 0.03616000
819 948 0.05648000
948 819 0.05648000
819 987 0.04227000
987 819 0.04227000
819 990 0.02339000
990 819 0.02339000
818 859 0.06296000
859 818 0.06296000
818 871 0.04344000
871 818 0.04344000
818 962 0.03215000
962 818 0.03215000
817 912 0.03353000
912 817 0.03353000
817 931 0.05626000
931 817 0.05626000
817 935 0.07028000
935 817 0.07028000
817 943 0.06469000
943 817 0.06469000
817 945 0.04295000
945 817 0.04295000
817 997 0.06258000
997 817 0.06258000
816 846 0.04014000
846 816 0.04014000
816 918 0.04480000
918 816 0.04480000
816 927 0.06032000
927 816 0.06032000
816 946 0.07065000
946 816 0.07065000
816 952 0.05008000
952 816 0.05008000
816 994 0.05911000
994 816 0.05911000
815 902 0.06735000
902 815 0.06735000
815 980 0.05106000
980 815 0.05106000
814 822 0.04567000
822 814 0.04567000
814 941 0.06063000
941 814 0.06063000
814 963 0.06589000
963 814 0.06589000
813 868 0.06315000
868 813 0.06315000
812 831 0.01970000
831 812 0.01970000
812 851 0.07464000
851 812 0.07464000
812 910 0.04995000
910 812 0.04995000
812 976 0.03595000
976 812 0.03595000
811 935 0.05002000
935 811 0.05002000
811 943 0.06268000
943 811 0.06268000
810 824 0.05537000
824 810 0.05537000
810 852 0.03980000
852 810 0.03980000
810 863 0.04856000
863 810 0.04856000
810 901 0.04888000
901 810 0.04888000
809 825 0.06315000
825 809 0.06315000
809 830 0.06072000
830 809 0.06072000
809 864 0.04423000
864 809 0.04423000
809 905 0.02941000
905 809 0.02941000
809 939 0.06801000
939 809 0.06801000
808 824 0.06560000
824 808 0.06560000
808 906 0.04336000
906 808 0.04336000
808 919 0.02856000
919 808 0.02856000
808 929 0.04272000
929 808 0.04272000
808 949 0.05998000
949 808 0.05998000
808 982 0.03253000
982 808 0.03253000
807 972 0.02055000
972 807 0.02055000
806 817 0.06756000
817 806 0.06756000
806 878 0.07083000
878 806 0.07083000
806 912 0.04886000
912 806 0.04886000
806 922 0.04892000
922 806 0.04892000
806 981 0.07270000
981 806 0.07270000
806 997 0.01676000
997 806 0.01676000
805 814 0.04254000
814 805 0.04254000
804 872 0.04770000
872 804 0.04770000
804 948 0.05106000
948 804 0.05106000
804 987 0.06532000
987 804 0.06532000
803 881 0.07010000
881 803 0.07010000
803 969 0.04701000
969 803 0.04701000
803 970 0.04201000
970 803 0.04201000
802 983 0.04903000
983 802 0.04903000
801 860 0.03185000
860 801 0.03185000
801 890 0.06470000
890 801 0.06470000
801 907 0.07395000
907 801 0.07395000
801 932 0.05301000
932 801 0.05301000
801 934 0.03616000
934 801 0.03616000
801 973 0.05818000
973 801 0.05818000
800 827 0.04595000
827 800 0.04595000
800 854 0.01693000
854 800 0.01693000
800 924 0.05634000
924 800 0.05634000
799 809 0.03319000
809 799 0.03319000
799 825 0.04149000
825 799 0.04149000
799 864 0.05685000
864 799 0.05685000
799 905 0.03718000
905 799 0.03718000
799 939 0.03570000
939 799 0.03570000
798 818 0.05168000
818 798 0.05168000
798 859 0.03802000
859 798 0.03802000
798 871 0.00824000
871 798 0.00824000
797 802 0.04760000
802 797 0.04760000
797 830 0.05217000
830 797 0.05217000
797 874 0.06422000
874 797 0.06422000
796 834 0.05698000
834 796 0.05698000
795 916 0.06779000
916 795 0.06779000
795 950 0.05019000
950 795 0.05019000
795 977 0.05807000
977 795 0.05807000
795 992 0.07146000
992 795 0.07146000
794 848 0.07418000
848 794 0.07418000
794 937 0.06707000
937 794 0.06707000
793 832 0.05167000
832 793 0.05167000
793 866 0.04735000
866 793 0.04735000
793 975 0.03493000
975 793 0.03493000
793 978 0.04567000
978 793 0.04567000
792 848 0.04852000
848 792 0.04852000
792 893 0.02626000
893 792 0.02626000
791 867 0.04690000
867 791 0.04690000
790 845 0.05458000
845 790 0.05458000
790 861 0.03531000
861 790 0.03531000
790 915 0.06420000
915 790 0.06420000
790 974 0.04779000
974 790 0.04779000
789 836 0.06684000
836 789 0.06684000
789 839 0.01003000
839 789 0.01003000
789 899 0.06032000
899 789 0.06032000
789 973 0.04230000
973 789 0.04230000
789 984 0.02287000
984 789 0.02287000
789 986 0.04317000
986 789 0.04317000
789 995 0.06611000
995 789 0.06611000
788 803 0.02928000
803 788 0.02928000
788 872 0.06988000
872 788 0.06988000
788 969 0.07373000
969 788 0.07373000
788 970 0.03216000
970 788 0.03216000
787 870 0.04439000
870 787 0.04439000
786 887 0.01898000
887 786 0.01898000
786 892 0.03585000
892 786 0.03585000
786 898 0.05483000
898 786 0.05483000
786 917 0.07486000
917 786 0.07486000
786 964 0.04885000
964 786 0.04885000
786 977 0.07171000
977 786 0.07171000
785 820 0.02927000
820 785 0.02927000
785 931 0.05230000
931 785 0.05230000
785 958 0.05687000
958 785 0.05687000
784 808 0.07481000
808 784 0.07481000
784 850 0.05672000
850 784 0.05672000
784 906 0.04794000
906 784 0.04794000
784 919 0.06186000
919 784 0.06186000
784 949 0.02072000
949 784 0.02072000
784 954 0.07207000
954 784 0.07207000
783 807 0.01378000
807 783 0.01378000
783 972 0.03186000
972 783 0.03186000
782 794 0.05188000
794 782 0.05188000
782 848 0.04780000
848 782 0.04780000
782 951 0.03947000
951 782 0.03947000
781 802 0.04819000
802 781 0.04819000
781 908 0.06675000
908 781 0.06675000
781 914 0.04711000
914 781 0.04711000
781 983 0.02798000
983 781 0.02798000
781 988 0.04285000
988 781 0.04285000
780 788 0.03882000
788 780 0.03882000
780 803 0.06547000
803 780 0.06547000
780 872 0.04756000
872 780 0.04756000
780 970 0.03679000
970 780 0.03679000
780 980 0.07081000
980 780 0.07081000
779 942 0.04688000
942 779 0.04688000
779 979 0.05227000
979 779 0.05227000
779 993 0.00532000
993 779 0.00532000
778 799 0.01555000
799 778 0.01555000
778 809 0.04523000
809 778 0.04523000
778 825 0.04947000
825 778 0.04947000
778 864 0.05680000
864 778 0.05680000
778 905 0.05273000
905 778 0.05273000
778 939 0.02329000
939 778 0.02329000
777 786 0.05991000
786 777 0.05991000
777 795 0.05610000
795 777 0.05610000
777 875 0.07386000
875 777 0.07386000
777 892 0.05966000
892 777 0.05966000
777 964 0.07137000
964 777 0.07137000
777 977 0.06209000
977 777 0.06209000
776 784 0.05087000
784 776 0.05087000
776 808 0.06678000
808 776 0.06678000
776 824 0.04307000
824 776 0.04307000
776 850 0.01698000
850 776 0.01698000
776 852 0.04714000
852 776 0.04714000
776 901 0.03776000
901 776 0.03776000
776 906 0.07213000
906 776 0.07213000
776 919 0.03915000
919 776 0.03915000
776 949 0.05790000
949 776 0.05790000
776 954 0.04885000
954 776 0.04885000
775 789 0.02137000
789 775 0.02137000
775 836 0.07444000
836 775 0.07444000
775 839 0.01685000
839 775 0.01685000
775 899 0.04800000
899 775 0.04800000
775 966 0.06666000
966 775 0.06666000
775 973 0.06057000
973 775 0.06057000
775 984 0.01631000
984 775 0.01631000
775 986 0.05255000
986 775 0.05255000
775 995 0.06132000
995 775 0.06132000
773 790 0.05886000
790 773 0.05886000
773 845 0.04764000
845 773 0.04764000
773 915 0.03557000
915 773 0.03557000
771 811 0.04471000
811 771 0.04471000
771 932 0.06779000
932 771 0.06779000
770 936 0.06957000
936 770 0.06957000
769 818 0.05751000
818 769 0.05751000
769 871 0.07412000
871 769 0.07412000
769 880 0.03854000
880 769 0.03854000
769 962 0.05518000
962 769 0.05518000
768 781 0.02741000
781 768 0.02741000
768 802 0.06500000
802 768 0.06500000
768 908 0.04048000
908 768 0.04048000
768 914 0.05048000
914 768 0.05048000
768 983 0.05515000
983 768 0.05515000
768 988 0.03282000
988 768 0.03282000
767 860 0.05435000
860 767 0.05435000
767 907 0.07467000
907 767 0.07467000
767 922 0.06792000
922 767 0.06792000
767 932 0.06413000
932 767 0.06413000
767 934 0.05155000
934 767 0.05155000
767 981 0.07011000
981 767 0.07011000
766 833 0.04075000
833 766 0.04075000
766 888 0.02784000
888 766 0.02784000
766 890 0.06306000
890 766 0.06306000
766 959 0.04502000
959 766 0.04502000
765 815 0.03521000
815 765 0.03521000
765 980 0.01596000
980 765 0.01596000
764 783 0.03675000
783 764 0.03675000
764 807 0.02523000
807 764 0.02523000
764 972 0.00489000
972 764 0.00489000
763 793 0.05711000
793 763 0.05711000
763 800 0.06138000
800 763 0.06138000
763 844 0.04900000
844 763 0.04900000
763 866 0.02545000
866 763 0.02545000
763 924 0.03525000
924 763 0.03525000
763 975 0.02232000
975 763 0.02232000
763 978 0.02967000
978 763 0.02967000
762 778 0.03898000
778 762 0.03898000
762 799 0.03893000
799 762 0.03893000
762 809 0.06941000
809 762 0.06941000
762 825 0.02323000
825 762 0.02323000
762 905 0.05806000
905 762 0.05806000
762 939 0.03165000
939 762 0.03165000
762 953 0.05797000
953 762 0.05797000
761 762 0.07430000
762 761 0.07430000
761 953 0.05106000
953 761 0.05106000
760 761 0.06923000
761 760 0.06923000
760 771 0.07119000
771 760 0.07119000
760 898 0.05001000
898 760 0.05001000
760 917 0.06783000
917 760 0.06783000
759 765 0.05475000
765 759 0.05475000
759 780 0.02415000
780 759 0.02415000
759 788 0.05976000
788 759 0.05976000
759 872 0.06032000
872 759 0.06032000
759 970 0.06060000
970 759 0.06060000
759 980 0.05329000
980 759 0.05329000
757 766 0.05035000
766 757 0.05035000
757 801 0.06480000
801 757 0.06480000
757 890 0.07304000
890 757 0.07304000
757 973 0.05225000
973 757 0.05225000
756 805 0.06751000
805 756 0.06751000
756 814 0.06723000
814 756 0.06723000
756 904 0.07496000
904 756 0.07496000
756 963 0.02984000
963 756 0.02984000
755 855 0.05581000
855 755 0.05581000
755 926 0.02900000
926 755 0.02900000
755 994 0.07282000
994 755 0.07282000
754 847 0.06709000
847 754 0.06709000
753 833 0.07446000
833 753 0.07446000
753 890 0.03915000
890 753 0.03915000
753 907 0.00895000
907 753 0.00895000
753 981 0.05199000
981 753 0.05199000
752 771 0.05892000
771 752 0.05892000
752 801 0.06002000
801 752 0.06002000
752 860 0.04651000
860 752 0.04651000
752 932 0.01379000
932 752 0.01379000
752 934 0.04271000
934 752 0.04271000
751 787 0.05605000
787 751 0.05605000
751 870 0.03825000
870 751 0.03825000
751 906 0.05790000
906 751 0.05790000
751 929 0.06124000
929 751 0.06124000
751 949 0.06871000
949 751 0.06871000
750 782 0.05254000
782 750 0.05254000
750 792 0.04353000
792 750 0.04353000
750 794 0.05747000
794 750 0.05747000
750 848 0.02578000
848 750 0.02578000
750 893 0.06638000
893 750 0.06638000
749 760 0.01570000
760 749 0.01570000
749 761 0.06766000
761 749 0.06766000
749 898 0.03522000
898 749 0.03522000
749 917 0.06279000
917 749 0.06279000
748 764 0.06651000
764 748 0.06651000
748 783 0.02999000
783 748 0.02999000
748 807 0.04190000
807 748 0.04190000
748 972 0.06165000
972 748 0.06165000
747 798 0.06255000
798 747 0.06255000
747 813 0.04401000
813 747 0.04401000
747 826 0.05246000
826 747 0.05246000
747 859 0.07304000
859 747 0.07304000
747 871 0.07079000
871 747 0.07079000
746 763 0.06379000
763 746 0.06379000
746 793 0.01093000
793 746 0.01093000
746 832 0.05809000
832 746 0.05809000
746 866 0.04993000
866 746 0.04993000
746 975 0.04237000
975 746 0.04237000
746 978 0.04739000
978 746 0.04739000
745 815 0.07397000
815 745 0.07397000
745 829 0.06607000
829 745 0.06607000
745 841 0.07030000
841 745 0.07030000
745 902 0.02088000
902 745 0.02088000
745 928 0.07310000
928 745 0.07310000
744 795 0.05478000
795 744 0.05478000
744 916 0.05976000
916 744 0.05976000
744 992 0.04489000
992 744 0.04489000
743 750 0.04093000
750 743 0.04093000
743 792 0.03379000
792 743 0.03379000
743 848 0.06121000
848 743 0.06121000
743 893 0.03918000
893 743 0.03918000
742 800 0.06813000
800 742 0.06813000
742 854 0.06823000
854 742 0.06823000
742 889 0.05849000
889 742 0.05849000
742 930 0.03330000
930 742 0.03330000
741 868 0.02569000
868 741 0.02569000
741 876 0.06676000
876 741 0.06676000
741 940 0.00727000
940 741 0.00727000
740 749 0.02577000
749 740 0.02577000
740 760 0.03081000
760 740 0.03081000
740 761 0.04198000
761 740 0.04198000
740 898 0.05046000
898 740 0.05046000
739 779 0.04111000
779 739 0.04111000
739 942 0.02589000
942 739 0.02589000
739 979 0.02179000
979 739 0.02179000
739 993 0.03733000
993 739 0.03733000
738 741 0.04227000
741 738 0.04227000
738 826 0.04945000
826 738 0.04945000
738 868 0.05102000
868 738 0.05102000
738 940 0.04717000
940 738 0.04717000
737 739 0.07018000
739 737 0.07018000
737 951 0.07337000
951 737 0.07337000
736 757 0.00898000
757 736 0.00898000
736 766 0.04162000
766 736 0.04162000
736 801 0.06715000
801 736 0.06715000
736 833 0.07322000
833 736 0.07322000
736 888 0.06908000
888 736 0.06908000
736 890 0.06708000
890 736 0.06708000
736 973 0.06075000
973 736 0.06075000
735 950 0.06595000
950 735 0.06595000
734 791 0.04852000
791 734 0.04852000
734 918 0.04472000
918 734 0.04472000
734 927 0.05291000
927 734 0.05291000
734 994 0.06209000
994 734 0.06209000
733 835 0.05766000
835 733 0.05766000
733 862 0.01518000
862 733 0.01518000
733 967 0.01410000
967 733 0.01410000
732 770 0.04671000
770 732 0.04671000
731 747 0.06793000
747 731 0.06793000
731 769 0.06495000
769 731 0.06495000
731 798 0.03302000
798 731 0.03302000
731 813 0.06109000
813 731 0.06109000
731 818 0.06503000
818 731 0.06503000
731 859 0.07095000
859 731 0.07095000
731 871 0.03481000
871 731 0.03481000
730 885 0.01236000
885 730 0.01236000
730 936 0.06293000
936 730 0.06293000
729 773 0.05466000
773 729 0.05466000
729 933 0.06798000
933 729 0.06798000
729 944 0.07150000
944 729 0.07150000
729 974 0.06714000
974 729 0.06714000
729 998 0.06102000
998 729 0.06102000
728 821 0.06288000
821 728 0.06288000
728 825 0.06398000
825 728 0.06398000
728 856 0.07151000
856 728 0.07151000
728 894 0.07196000
894 728 0.07196000
728 953 0.06236000
953 728 0.06236000
727 761 0.06620000
761 727 0.06620000
727 762 0.04297000
762 727 0.04297000
727 778 0.03786000
778 727 0.03786000
727 799 0.05152000
799 727 0.05152000
727 825 0.06501000
825 727 0.06501000
727 939 0.01620000
939 727 0.01620000
726 731 0.03648000
731 726 0.03648000
726 769 0.03213000
769 726 0.03213000
726 798 0.04783000
798 726 0.04783000
726 818 0.04085000
818 726 0.04085000
726 871 0.04253000
871 726 0.04253000
726 880 0.06020000
880 726 0.06020000
726 962 0.05716000
962 726 0.05716000
725 855 0.07438000
855 725 0.07438000
725 884 0.06398000
884 725 0.06398000
724 749 0.05769000
749 724 0.05769000
724 760 0.07052000
760 724 0.07052000
724 786 0.03859000
786 724 0.03859000
724 887 0.02003000
887 724 0.02003000
724 892 0.05663000
892 724 0.05663000
724 898 0.02573000
898 724 0.02573000
724 917 0.03997000
917 724 0.03997000
724 964 0.07077000
964 724 0.07077000
723 819 0.01077000
819 723 0.01077000
723 846 0.07453000
846 723 0.07453000
723 881 0.06229000
881 723 0.06229000
723 904 0.04087000
904 723 0.04087000
723 923 0.02923000
923 723 0.02923000
723 946 0.02968000
946 723 0.02968000
723 948 0.06576000
948 723 0.06576000
723 987 0.05116000
987 723 0.05116000
723 990 0.01353000
990 723 0.01353000
722 739 0.07203000
739 722 0.07203000
722 764 0.04521000
764 722 0.04521000
722 783 0.06669000
783 722 0.06669000
722 807 0.05337000
807 722 0.05337000
722 849 0.05567000
849 722 0.05567000
722 942 0.05260000
942 722 0.05260000
722 972 0.04702000
972 722 0.04702000
722 979 0.05083000
979 722 0.05083000
721 787 0.04371000
787 721 0.04371000
721 841 0.06255000
841 721 0.06255000
721 930 0.06661000
930 721 0.06661000
719 797 0.06246000
797 719 0.06246000
719 802 0.06070000
802 719 0.06070000
719 896 0.05240000
896 719 0.05240000
719 983 0.05260000
983 719 0.05260000
718 752 0.05185000
752 718 0.05185000
718 767 0.04135000
767 718 0.04135000
718 771 0.06540000
771 718 0.06540000
718 811 0.04882000
811 718 0.04882000
718 860 0.05998000
860 718 0.05998000
718 932 0.04492000
932 718 0.04492000
718 934 0.05480000
934 718 0.05480000
718 935 0.07471000
935 718 0.07471000
717 758 0.02019000
758 717 0.02019000
717 779 0.07116000
779 717 0.07116000
716 811 0.07025000
811 716 0.07025000
716 917 0.05586000
917 716 0.05586000
716 935 0.04582000
935 716 0.04582000
716 943 0.04624000
943 716 0.04624000
716 945 0.06861000
945 716 0.06861000
715 938 0.02871000
938 715 0.02871000
715 961 0.05478000
961 715 0.05478000
715 991 0.02364000
991 715 0.02364000
714 720 0.04604000
720 714 0.04604000
714 805 0.06019000
805 714 0.06019000
713 725 0.04145000
725 713 0.04145000
713 971 0.04730000
971 713 0.04730000
712 744 0.06072000
744 712 0.06072000
712 865 0.04509000
865 712 0.04509000
712 916 0.01883000
916 712 0.01883000
712 950 0.06934000
950 712 0.06934000
711 733 0.06334000
733 711 0.06334000
711 827 0.07116000
827 711 0.07116000
711 835 0.00757000
835 711 0.00757000
711 862 0.06640000
862 711 0.06640000
711 967 0.06746000
967 711 0.06746000
710 785 0.07443000
785 710 0.07443000
710 817 0.04993000
817 710 0.04993000
710 820 0.04559000
820 710 0.04559000
710 912 0.05282000
912 710 0.05282000
710 931 0.04018000
931 710 0.04018000
710 935 0.07487000
935 710 0.07487000
710 943 0.06303000
943 710 0.06303000
710 945 0.03974000
945 710 0.03974000
709 711 0.03779000
711 709 0.03779000
709 835 0.03413000
835 709 0.03413000
709 862 0.07156000
862 709 0.07156000
708 744 0.04019000
744 708 0.04019000
708 795 0.05222000
795 708 0.05222000
708 858 0.05254000
858 708 0.05254000
708 977 0.04214000
977 708 0.04214000
708 992 0.02000000
992 708 0.02000000
707 728 0.04424000
728 707 0.04424000
707 762 0.03709000
762 707 0.03709000
707 778 0.06898000
778 707 0.06898000
707 799 0.06115000
799 707 0.06115000
707 825 0.01974000
825 707 0.01974000
707 905 0.05591000
905 707 0.05591000
707 939 0.06829000
939 707 0.06829000
707 953 0.05699000
953 707 0.05699000
706 766 0.04878000
766 706 0.04878000
706 833 0.05198000
833 706 0.05198000
706 888 0.02755000
888 706 0.02755000
706 947 0.06759000
947 706 0.06759000
706 959 0.04362000
959 706 0.04362000
706 998 0.06684000
998 706 0.06684000
705 719 0.05844000
719 705 0.05844000
705 768 0.05830000
768 705 0.05830000
705 781 0.03327000
781 705 0.03327000
705 802 0.06161000
802 705 0.06161000
705 896 0.04335000
896 705 0.04335000
705 914 0.04586000
914 705 0.04586000
705 983 0.01262000
983 705 0.01262000
705 988 0.05764000
988 705 0.05764000
704 723 0.03215000
723 704 0.03215000
704 819 0.02229000
819 704 0.02229000
704 904 0.01174000
904 704 0.01174000
704 923 0.05843000
923 704 0.05843000
704 946 0.04726000
946 704 0.04726000
704 948 0.04997000
948 704 0.04997000
704 987 0.03935000
987 704 0.03935000
704 990 0.04199000
990 704 0.04199000
703 747 0.06998000
747 703 0.06998000
703 798 0.05474000
798 703 0.05474000
703 859 0.02139000
859 703 0.02139000
703 871 0.05767000
871 703 0.05767000
703 891 0.04967000
891 703 0.04967000
702 775 0.01987000
775 702 0.01987000
702 789 0.03250000
789 702 0.03250000
702 836 0.06134000
836 702 0.06134000
702 839 0.02290000
839 702 0.02290000
702 899 0.06461000
899 702 0.06461000
702 973 0.07479000
973 702 0.07479000
702 984 0.01014000
984 702 0.01014000
702 986 0.04293000
986 702 0.04293000
701 706 0.04485000
706 701 0.04485000
701 736 0.04935000
736 701 0.04935000
701 757 0.05647000
757 701 0.05647000
701 766 0.02162000
766 701 0.02162000
701 833 0.05846000
833 701 0.05846000
701 888 0.03665000
888 701 0.03665000
701 959 0.05936000
959 701 0.05936000
700 816 0.03133000
816 700 0.03133000
700 846 0.05517000
846 700 0.05517000
700 918 0.03786000
918 700 0.03786000
700 927 0.03212000
927 700 0.03212000
700 946 0.05311000
946 700 0.05311000
700 952 0.07309000
952 700 0.07309000
700 990 0.07029000
990 700 0.07029000
700 994 0.07025000
994 700 0.07025000
699 743 0.04232000
743 699 0.04232000
699 750 0.03982000
750 699 0.03982000
699 792 0.01228000
792 699 0.01228000
699 848 0.03874000
848 699 0.03874000
699 893 0.03759000
893 699 0.03759000
698 734 0.05696000
734 698 0.05696000
698 755 0.04935000
755 698 0.04935000
698 791 0.03252000
791 698 0.03252000
698 867 0.05501000
867 698 0.05501000
697 746 0.03649000
746 697 0.03649000
697 763 0.05642000
763 697 0.05642000
697 793 0.02597000
793 697 0.02597000
697 832 0.03589000
832 697 0.03589000
697 842 0.06208000
842 697 0.06208000
697 866 0.05834000
866 697 0.05834000
697 975 0.03656000
975 697 0.03656000
697 978 0.05857000
978 697 0.05857000
696 721 0.04690000
721 696 0.04690000
696 745 0.07130000
745 696 0.07130000
696 829 0.03757000
829 696 0.03757000
696 841 0.01585000
841 696 0.01585000
696 930 0.04473000
930 696 0.04473000
696 996 0.06293000
996 696 0.06293000
695 796 0.06794000
796 695 0.06794000
695 834 0.04857000
834 695 0.04857000
694 705 0.05397000
705 694 0.05397000
694 719 0.04583000
719 694 0.04583000
694 896 0.01459000
896 694 0.01459000
694 983 0.05846000
983 694 0.05846000
692 823 0.05783000
823 692 0.05783000
692 843 0.01188000
843 692 0.01188000
692 863 0.05533000
863 692 0.05533000
692 876 0.01581000
876 692 0.01581000
691 705 0.02573000
705 691 0.02573000
691 719 0.07025000
719 691 0.07025000
691 768 0.03515000
768 691 0.03515000
691 781 0.00798000
781 691 0.00798000
691 802 0.04746000
802 691 0.04746000
691 896 0.06862000
896 691 0.06862000
691 908 0.07471000
908 691 0.07471000
691 914 0.04690000
914 691 0.04690000
691 983 0.02004000
983 691 0.02004000
691 988 0.04669000
988 691 0.04669000
690 700 0.05677000
700 690 0.05677000
690 816 0.02886000
816 690 0.02886000
690 846 0.02629000
846 690 0.02629000
690 918 0.07284000
918 690 0.07284000
690 952 0.05896000
952 690 0.05896000
689 733 0.03240000
733 689 0.03240000
689 862 0.04562000
862 689 0.04562000
689 961 0.07337000
961 689 0.07337000
689 967 0.01970000
967 689 0.01970000
689 991 0.06467000
991 689 0.06467000
688 957 0.01876000
957 688 0.01876000
687 689 0.03419000
689 687 0.03419000
687 733 0.02318000
733 687 0.02318000
687 862 0.02313000
862 687 0.02313000
687 967 0.02784000
967 687 0.02784000
686 746 0.06969000
746 686 0.06969000
686 763 0.02792000
763 686 0.02792000
686 793 0.06712000
793 686 0.06712000
686 844 0.02113000
844 686 0.02113000
686 866 0.01985000
866 686 0.01985000
686 924 0.03321000
924 686 0.03321000
686 975 0.03958000
975 686 0.03958000
686 978 0.02242000
978 686 0.02242000
685 699 0.03660000
699 685 0.03660000
685 743 0.07260000
743 685 0.07260000
685 750 0.04607000
750 685 0.04607000
685 782 0.06611000
782 685 0.06611000
685 792 0.04882000
792 685 0.04882000
685 848 0.02321000
848 685 0.02321000
685 893 0.07378000
893 685 0.07378000
684 712 0.02121000
712 684 0.02121000
684 744 0.05983000
744 684 0.05983000
684 795 0.06598000
795 684 0.06598000
684 865 0.03220000
865 684 0.03220000
684 916 0.00238000
916 684 0.00238000
684 950 0.04815000
950 684 0.04815000
683 745 0.04527000
745 683 0.04527000
683 829 0.06846000
829 683 0.06846000
683 902 0.03443000
902 683 0.03443000
683 928 0.03707000
928 683 0.03707000
682 691 0.04877000
691 682 0.04877000
682 694 0.03708000
694 682 0.03708000
682 705 0.02318000
705 682 0.02318000
682 719 0.05976000
719 682 0.05976000
682 781 0.05607000
781 682 0.05607000
682 896 0.02355000
896 682 0.02355000
682 914 0.05328000
914 682 0.05328000
682 983 0.03371000
983 682 0.03371000
682 988 0.07179000
988 682 0.07179000
681 729 0.05866000
729 681 0.05866000
681 812 0.02220000
812 681 0.02220000
681 831 0.02144000
831 681 0.02144000
681 910 0.05729000
910 681 0.05729000
681 976 0.04418000
976 681 0.04418000
680 853 0.04265000
853 680 0.04265000
680 877 0.05428000
877 680 0.05428000
680 882 0.06175000
882 680 0.06175000
680 895 0.06986000
895 680 0.06986000
679 842 0.06414000
842 679 0.06414000
679 873 0.06982000
873 679 0.06982000
678 718 0.05657000
718 678 0.05657000
678 752 0.03696000
752 678 0.03696000
678 767 0.05793000
767 678 0.05793000
678 801 0.03326000
801 678 0.03326000
678 860 0.00968000
860 678 0.00968000
678 932 0.02502000
932 678 0.02502000
678 934 0.00755000
934 678 0.00755000
677 803 0.06430000
803 677 0.06430000
677 850 0.06806000
850 677 0.06806000
677 954 0.03897000
954 677 0.03897000
676 700 0.05957000
700 676 0.05957000
676 734 0.02359000
734 676 0.02359000
676 791 0.06615000
791 676 0.06615000
676 918 0.04056000
918 676 0.04056000
676 927 0.03191000
927 676 0.03191000
676 994 0.07107000
994 676 0.07107000
675 703 0.06384000
703 675 0.06384000
675 840 0.06577000
840 675 0.06577000
675 883 0.07132000
883 675 0.07132000
675 891 0.01433000
891 675 0.01433000
675 926 0.06757000
926 675 0.06757000
675 952 0.06140000
952 675 0.06140000
674 882 0.06983000
882 674 0.06983000
674 895 0.06721000
895 674 0.06721000
674 897 0.02401000
897 674 0.02401000
674 913 0.06242000
913 674 0.06242000
674 933 0.02031000
933 674 0.02031000
674 944 0.03101000
944 674 0.03101000
674 947 0.00895000
947 674 0.00895000
674 974 0.05863000
974 674 0.05863000
674 998 0.03548000
998 674 0.03548000
673 754 0.05750000
754 673 0.05750000
673 774 0.04756000
774 673 0.04756000
673 847 0.05792000
847 673 0.05792000
672 776 0.05188000
776 672 0.05188000
672 784 0.05306000
784 672 0.05306000
672 808 0.02177000
808 672 0.02177000
672 824 0.06449000
824 672 0.06449000
672 850 0.06834000
850 672 0.06834000
672 901 0.07154000
901 672 0.07154000
672 906 0.02983000
906 672 0.02983000
672 919 0.02239000
919 672 0.02239000
672 929 0.04644000
929 672 0.04644000
672 949 0.03929000
949 672 0.03929000
672 982 0.05021000
982 672 0.05021000
671 704 0.05711000
704 671 0.05711000
671 723 0.02513000
723 671 0.02513000
671 819 0.03577000
819 671 0.03577000
671 846 0.05273000
846 671 0.05273000
671 881 0.05764000
881 671 0.05764000
671 904 0.06597000
904 671 0.06597000
671 923 0.02098000
923 671 0.02098000
671 946 0.03222000
946 671 0.03222000
671 987 0.07197000
987 671 0.07197000
671 990 0.01763000
990 671 0.01763000
670 851 0.06226000
851 670 0.06226000
670 869 0.06549000
869 670 0.06549000
670 921 0.04352000
921 670 0.04352000
670 989 0.04525000
989 670 0.04525000
668 728 0.06553000
728 668 0.06553000
668 821 0.04519000
821 668 0.04519000
668 894 0.05596000
894 668 0.05596000
668 965 0.04237000
965 668 0.04237000
667 689 0.06121000
689 667 0.06121000
667 715 0.03044000
715 667 0.03044000
667 938 0.01885000
938 667 0.01885000
667 961 0.06039000
961 667 0.06039000
667 991 0.02247000
991 667 0.02247000
666 791 0.07078000
791 666 0.07078000
666 851 0.06005000
851 666 0.06005000
666 867 0.03883000
867 666 0.03883000
666 921 0.07113000
921 666 0.07113000
666 985 0.06833000
985 666 0.06833000
666 989 0.05405000
989 666 0.05405000
665 679 0.07029000
679 665 0.07029000
665 697 0.04978000
697 665 0.04978000
665 746 0.07325000
746 665 0.07325000
665 793 0.06693000
793 665 0.06693000
665 832 0.01527000
832 665 0.01527000
665 842 0.01286000
842 665 0.01286000
664 908 0.07145000
908 664 0.07145000
664 914 0.07400000
914 664 0.07400000
664 928 0.06668000
928 664 0.06668000
664 988 0.05801000
988 664 0.05801000
663 837 0.05534000
837 663 0.05534000
663 889 0.03370000
889 663 0.03370000
663 961 0.06061000
961 663 0.06061000
663 996 0.05808000
996 663 0.05808000
662 695 0.01820000
695 662 0.01820000
662 834 0.06672000
834 662 0.06672000
661 735 0.04710000
735 661 0.04710000
661 764 0.06771000
764 661 0.06771000
661 865 0.06570000
865 661 0.06570000
661 950 0.07030000
950 661 0.07030000
661 972 0.07109000
972 661 0.07109000
660 716 0.04919000
716 660 0.04919000
660 828 0.06700000
828 660 0.06700000
660 955 0.03227000
955 660 0.03227000
659 696 0.05493000
696 659 0.05493000
659 721 0.01631000
721 659 0.01631000
659 787 0.02895000
787 659 0.02895000
659 841 0.07073000
841 659 0.07073000
659 870 0.07333000
870 659 0.07333000
658 720 0.03711000
720 658 0.03711000
658 864 0.04973000
864 658 0.04973000
657 753 0.07429000
753 657 0.07429000
657 853 0.06765000
853 657 0.06765000
657 878 0.02142000
878 657 0.02142000
657 920 0.03299000
920 657 0.03299000
657 922 0.06862000
922 657 0.06862000
657 981 0.05247000
981 657 0.05247000
656 790 0.03902000
790 656 0.03902000
656 861 0.05523000
861 656 0.05523000
656 897 0.06560000
897 656 0.06560000
656 913 0.06196000
913 656 0.06196000
656 933 0.06883000
933 656 0.06883000
656 944 0.04598000
944 656 0.04598000
656 974 0.02202000
974 656 0.02202000
655 738 0.02002000
738 655 0.02002000
655 741 0.02270000
741 655 0.02270000
655 826 0.06325000
826 655 0.06325000
655 868 0.03318000
868 655 0.03318000
655 876 0.07213000
876 655 0.07213000
655 940 0.02842000
940 655 0.02842000
654 676 0.04233000
676 654 0.04233000
654 734 0.06293000
734 654 0.06293000
654 927 0.04429000
927 654 0.04429000
653 822 0.07418000
822 653 0.07418000
653 879 0.01654000
879 653 0.01654000
653 941 0.06094000
941 653 0.06094000
651 665 0.06809000
665 651 0.06809000
651 679 0.01960000
679 651 0.01960000
651 832 0.07369000
832 651 0.07369000
651 842 0.06548000
842 651 0.06548000
650 719 0.03977000
719 650 0.03977000
650 797 0.02281000
797 650 0.02281000
650 802 0.04142000
802 650 0.04142000
650 830 0.07001000
830 650 0.07001000
650 983 0.06776000
983 650 0.06776000
649 660 0.03569000
660 649 0.03569000
649 716 0.01729000
716 649 0.01729000
649 917 0.07061000
917 649 0.07061000
649 935 0.04841000
935 649 0.04841000
649 943 0.04415000
943 649 0.04415000
